0.588046 0.001198 0.000010 0.097813 0.195227 0.074273 0.035083 0.008350
0.425488 0.000010 0.002425 0.068916 0.051798 0.389468 0.040618 0.021276
0.618230 0.002244 0.000010 0.110961 0.152544 0.047679 0.056050 0.012282
0.375987 0.000010 0.000017 0.000010 0.115200 0.355580 0.125779 0.027418
0.500734 0.002806 0.001982 0.071813 0.261608 0.051595 0.081430 0.028030
0.379970 0.000010 0.000010 0.000010 0.056944 0.359866 0.200262 0.002927
0.286734 0.001197 0.000010 0.033956 0.423668 0.093853 0.069182 0.091399
0.268432 0.000010 0.000010 0.000010 0.436099 0.125163 0.071600 0.098677
0.290953 0.000449 0.000010 0.002844 0.426374 0.106692 0.069195 0.103483
0.252810 0.000010 0.000010 0.000010 0.457505 0.086652 0.087498 0.115505
0.252069 0.000010 0.000412 0.026737 0.465567 0.090753 0.047578 0.116873
0.263947 0.000010 0.000010 0.005171 0.497766 0.061419 0.066828 0.104850
0.294120 0.000010 0.001625 0.000010 0.462643 0.078402 0.068169 0.095021
0.283700 0.000010 0.000010 0.007307 0.076402 0.507926 0.095334 0.029311
0.551637 0.000506 0.000010 0.051303 0.206482 0.088758 0.089728 0.011578
0.543742 0.000010 0.000011 0.000010 0.260015 0.121791 0.043555 0.030866
0.545643 0.000010 0.000013 0.000010 0.259704 0.121761 0.042445 0.030413
0.511508 0.000010 0.000010 0.000010 0.273889 0.150903 0.034040 0.029630
0.393235 0.000010 0.000702 0.000010 0.365084 0.094455 0.116693 0.029810
0.425795 0.000010 0.000404 0.010791 0.368336 0.135415 0.041485 0.017765
0.394694 0.000010 0.008037 0.022280 0.346793 0.123630 0.078518 0.026038
0.454186 0.000010 0.000010 0.008784 0.270295 0.158142 0.092893 0.015681
0.557854 0.000010 0.000010 0.000010 0.236939 0.086534 0.118632 0.000010
0.540297 0.000010 0.002737 0.020132 0.241417 0.112079 0.070938 0.012390
0.426054 0.000010 0.000010 0.000010 0.160197 0.299589 0.110071 0.004059
0.581793 0.000010 0.002637 0.000010 0.180701 0.065706 0.162896 0.006247
0.560289 0.000010 0.003822 0.019560 0.210045 0.094469 0.111794 0.000010
0.574838 0.000010 0.000010 0.003303 0.208972 0.117613 0.084219 0.011034
0.582296 0.000010 0.000010 0.025497 0.210215 0.065508 0.116453 0.000010
0.615213 0.001021 0.001322 0.007815 0.171884 0.063800 0.138936 0.000010
0.576985 0.000010 0.000010 0.000010 0.220075 0.039277 0.148992 0.014641
0.568390 0.000010 0.000010 0.000010 0.181290 0.057908 0.176106 0.016276
0.623505 0.000010 0.000010 0.000010 0.196734 0.031899 0.147822 0.000010
0.604668 0.000010 0.000010 0.071132 0.132701 0.055540 0.116701 0.019238
0.568151 0.000010 0.000352 0.058585 0.124476 0.114647 0.131542 0.002237
0.627675 0.000010 0.000010 0.004821 0.139042 0.075249 0.143067 0.010126
0.664918 0.000010 0.000010 0.006723 0.131342 0.051735 0.126574 0.018688
0.626578 0.000010 0.000010 0.048610 0.107046 0.085868 0.126772 0.005107
0.000010 0.999930 0.000010 0.000010 0.000010 0.000010 0.000010 0.000010
0.616190 0.000010 0.000010 0.051174 0.113120 0.074226 0.132925 0.012345
0.583641 0.002220 0.002247 0.063475 0.133975 0.092289 0.120882 0.001272
0.553130 0.000010 0.000010 0.057713 0.143393 0.143856 0.087230 0.014658
0.513099 0.000010 0.000610 0.079826 0.190102 0.145957 0.070387 0.000010
0.585034 0.000010 0.001828 0.142096 0.116000 0.097795 0.057226 0.000010
0.584360 0.000010 0.000377 0.056031 0.117732 0.049523 0.191956 0.000010
0.465047 0.000010 0.000010 0.000010 0.065269 0.275837 0.187932 0.005884
0.537440 0.000930 0.000010 0.098113 0.157582 0.121654 0.084261 0.000010
0.523686 0.000010 0.000010 0.022351 0.095122 0.147998 0.179010 0.031813
0.557203 0.000010 0.001948 0.075156 0.102775 0.112742 0.144427 0.005740
0.578892 0.000010 0.000010 0.087009 0.080809 0.109412 0.119315 0.024544
0.573233 0.000010 0.000010 0.029686 0.083741 0.089077 0.200756 0.023486
0.563941 0.000010 0.000513 0.069952 0.051571 0.140840 0.153982 0.019191
0.557001 0.000010 0.000010 0.091738 0.105733 0.102442 0.143055 0.000010
0.561923 0.000010 0.000010 0.010970 0.026377 0.200595 0.179478 0.020637
0.506340 0.001670 0.000010 0.082190 0.088290 0.139390 0.170580 0.011530
0.568611 0.000010 0.000010 0.032519 0.097450 0.103730 0.193383 0.004287
0.055206 0.000010 0.000010 0.009452 0.000815 0.901876 0.032621 0.000010
0.320861 0.000010 0.000010 0.024313 0.049426 0.498267 0.107103 0.000010
0.309043 0.000010 0.001035 0.000010 0.061849 0.485301 0.135038 0.007713
0.330917 0.000010 0.002147 0.029434 0.083658 0.448269 0.105302 0.000264
0.470557 0.000010 0.001790 0.044834 0.057848 0.205715 0.184445 0.034801
0.415105 0.000010 0.000010 0.039418 0.055564 0.366817 0.111257 0.011819
0.017611 0.000010 0.000010 0.000010 0.000010 0.946376 0.033280 0.002692
0.135851 0.000010 0.000010 0.000010 0.000010 0.812972 0.051127 0.000010
0.312005 0.000010 0.000884 0.009186 0.032566 0.494770 0.147199 0.003381
0.365278 0.000010 0.001317 0.027317 0.054731 0.427665 0.123673 0.000010
0.254165 0.000010 0.000010 0.040802 0.020358 0.643399 0.040684 0.000570
0.287786 0.000010 0.000010 0.000010 0.006191 0.559837 0.116617 0.029540
0.060709 0.000010 0.001406 0.000010 0.000010 0.916790 0.021055 0.000010
0.156101 0.001266 0.000010 0.016664 0.018998 0.766358 0.037796 0.002808
0.889797 0.000010 0.000010 0.110143 0.000010 0.000010 0.000010 0.000010
0.877146 0.000010 0.000010 0.122794 0.000010 0.000010 0.000010 0.000010
0.899263 0.001815 0.000010 0.098872 0.000010 0.000010 0.000010 0.000010
0.925013 0.000010 0.000010 0.074927 0.000010 0.000010 0.000010 0.000010
0.757807 0.000445 0.000010 0.123524 0.118185 0.000010 0.000010 0.000010
0.734473 0.000010 0.000396 0.129272 0.135819 0.000010 0.000010 0.000010
0.775543 0.000010 0.000010 0.099013 0.125394 0.000010 0.000010 0.000010
0.797887 0.000010 0.000947 0.095811 0.105315 0.000010 0.000010 0.000010
0.587885 0.005851 0.001173 0.108111 0.271111 0.000010 0.018127 0.007733
0.384201 0.003806 0.005842 0.076086 0.430680 0.016591 0.020459 0.062335
0.383451 0.004954 0.000010 0.027573 0.420927 0.004783 0.056727 0.101574
0.332279 0.001113 0.000010 0.062205 0.491686 0.029670 0.000010 0.083027
0.198024 0.000010 0.004469 0.037490 0.573571 0.016829 0.016633 0.152975
0.238759 0.006915 0.002128 0.033552 0.543678 0.018878 0.000010 0.156079
0.143957 0.003628 0.004092 0.072661 0.604830 0.015429 0.000167 0.155236
0.172681 0.001489 0.000624 0.022779 0.640915 0.024274 0.000010 0.137228
0.080431 0.000010 0.003454 0.003605 0.768494 0.041701 0.008481 0.093824
0.088412 0.004038 0.000010 0.036767 0.728133 0.020651 0.000010 0.121979
0.029044 0.000010 0.005649 0.036768 0.817344 0.013201 0.002896 0.095088
0.021539 0.001734 0.002896 0.041861 0.803117 0.030126 0.000010 0.098717
0.062758 0.007421 0.002545 0.030178 0.788491 0.000010 0.002340 0.106257
0.002441 0.000010 0.004037 0.043824 0.847475 0.011633 0.000010 0.090570
0.045576 0.000489 0.002564 0.019585 0.815158 0.009165 0.000010 0.107453
0.066424 0.002031 0.000010 0.023511 0.747906 0.000010 0.019526 0.140581
0.016242 0.000320 0.002906 0.053609 0.805010 0.000010 0.014715 0.107189
0.075457 0.002347 0.004540 0.006741 0.759547 0.012511 0.002699 0.136158
0.000010 0.000010 0.000010 0.025053 0.922974 0.051924 0.000010 0.000010
0.045178 0.001000 0.004587 0.027443 0.762424 0.008058 0.021356 0.129955
0.084065 0.005313 0.001240 0.010543 0.790823 0.013151 0.034170 0.060695
0.073004 0.004996 0.004565 0.028906 0.734406 0.013153 0.023863 0.117108
0.089107 0.002144 0.003114 0.023050 0.775175 0.006373 0.019957 0.081080
0.104076 0.002993 0.001120 0.045559 0.767950 0.002559 0.000010 0.075732
0.056617 0.000010 0.000861 0.048765 0.871560 0.014200 0.000010 0.007977
0.081584 0.000010 0.001494 0.033612 0.843433 0.000010 0.015892 0.023966
0.067374 0.000010 0.003178 0.041965 0.830109 0.000010 0.007846 0.049509
0.050391 0.001799 0.000089 0.062725 0.762768 0.027966 0.002070 0.092193
0.079698 0.005342 0.000010 0.039516 0.668625 0.019690 0.010345 0.176774
0.000010 0.003127 0.000959 0.035951 0.772197 0.006627 0.025353 0.155777
0.009529 0.002973 0.000010 0.031429 0.708297 0.020895 0.014839 0.212027
0.005948 0.001760 0.002434 0.049348 0.788524 0.003536 0.000010 0.148440
0.032862 0.003660 0.004292 0.022387 0.741142 0.021008 0.010266 0.164384
0.048184 0.000010 0.000010 0.061514 0.716154 0.000010 0.000010 0.174109
0.020221 0.001969 0.000420 0.053527 0.784318 0.000010 0.000010 0.139524
0.029498 0.000383 0.000010 0.010094 0.790551 0.002944 0.006591 0.159929
0.017835 0.005699 0.000010 0.033854 0.719021 0.000010 0.005748 0.217822
0.025554 0.004472 0.000010 0.020938 0.693774 0.004382 0.035597 0.215273
0.081852 0.003867 0.002143 0.036540 0.637899 0.018127 0.009163 0.210410
0.000599 0.008535 0.000010 0.031197 0.675064 0.011761 0.005174 0.267661
0.031676 0.002985 0.000010 0.030058 0.678496 0.030095 0.010605 0.216075
0.000010 0.003299 0.000048 0.021652 0.724205 0.000010 0.034704 0.216072
0.000010 0.004270 0.001851 0.030348 0.763231 0.006752 0.010506 0.183033
0.000010 0.001714 0.003280 0.046701 0.724877 0.016341 0.000793 0.206284
0.000010 0.001622 0.002374 0.002903 0.773670 0.007545 0.000010 0.211865
0.000010 0.001146 0.001035 0.011684 0.739797 0.008018 0.028675 0.209636
0.000010 0.000658 0.000010 0.009071 0.642137 0.068430 0.011813 0.267871
0.000010 0.000010 0.004215 0.000010 0.654154 0.063475 0.058834 0.219292
0.000010 0.004839 0.000603 0.000010 0.568711 0.090971 0.046952 0.287903
0.011359 0.000010 0.000010 0.000169 0.616183 0.049669 0.035740 0.286859
0.000010 0.001030 0.001931 0.021741 0.620757 0.080821 0.007507 0.266203
0.007623 0.004603 0.001667 0.000010 0.592739 0.076696 0.022758 0.293904
0.000010 0.003946 0.000010 0.049511 0.669355 0.065526 0.010100 0.201542
0.000010 0.000010 0.000302 0.021685 0.622180 0.059432 0.030798 0.265583
0.000010 0.010257 0.001309 0.048489 0.612042 0.063041 0.000010 0.264841
0.012802 0.000010 0.001652 0.012925 0.643710 0.061347 0.028347 0.239207
0.011491 0.000010 0.000010 0.011943 0.633016 0.056149 0.030298 0.257083
0.000010 0.001757 0.000010 0.047189 0.609008 0.105593 0.000010 0.236423
0.000010 0.000010 0.001162 0.002954 0.672871 0.069314 0.030849 0.222829
0.040960 0.000010 0.000010 0.002079 0.564185 0.084608 0.024478 0.283669
0.000010 0.000010 0.000010 0.009792 0.606560 0.077024 0.043742 0.262852
0.001855 0.000010 0.000010 0.028282 0.606326 0.086654 0.003490 0.273372
0.015510 0.000010 0.000010 0.004639 0.621755 0.069350 0.046084 0.242642
0.001531 0.001272 0.000010 0.000010 0.573032 0.076053 0.033709 0.314383
0.000010 0.004061 0.002386 0.015935 0.563789 0.072967 0.029562 0.311291
0.000010 0.003759 0.000010 0.011147 0.432253 0.313941 0.041051 0.197828
0.000010 0.003058 0.003003 0.019240 0.366987 0.375654 0.005236 0.226812
0.002552 0.002121 0.000010 0.012349 0.474697 0.230889 0.033784 0.243598
0.000704 0.001111 0.003858 0.000010 0.459506 0.174327 0.037641 0.322844
0.010635 0.000402 0.000010 0.041441 0.629424 0.077403 0.000010 0.240675
0.000010 0.002554 0.006212 0.017788 0.521956 0.151518 0.036791 0.263171
0.030030 0.000785 0.003777 0.000922 0.309434 0.383143 0.026634 0.245275
0.000010 0.000010 0.000010 0.003887 0.456906 0.148712 0.017726 0.372739
0.000010 0.000010 0.000286 0.000010 0.396349 0.174956 0.010466 0.417912
0.000010 0.000010 0.000010 0.000010 0.408674 0.148903 0.028874 0.413508
0.000010 0.000010 0.251469 0.000010 0.269998 0.088524 0.036879 0.353099
0.000010 0.000345 0.000010 0.005618 0.438515 0.161086 0.010738 0.383678
0.000010 0.000010 0.000010 0.000010 0.431112 0.167590 0.023034 0.378224
0.000010 0.000010 0.000010 0.000010 0.366573 0.189979 0.006602 0.436806
0.000010 0.000010 0.000010 0.000010 0.205037 0.556288 0.043644 0.194991
0.000010 0.000010 0.999930 0.000010 0.000010 0.000010 0.000010 0.000010
0.000010 0.225411 0.774525 0.000014 0.000010 0.000010 0.000010 0.000010
0.000010 0.230015 0.769925 0.000010 0.000010 0.000010 0.000010 0.000010
0.000010 0.000010 0.000010 0.000010 0.000010 0.999516 0.000424 0.000010
0.000010 0.000010 0.000010 0.000010 0.000010 0.999930 0.000010 0.000010
0.035474 0.000010 0.000010 0.131366 0.000010 0.672793 0.160326 0.000010
0.010382 0.000010 0.001027 0.049491 0.000010 0.782029 0.157040 0.000010
0.000521 0.000010 0.000010 0.220470 0.000010 0.447566 0.328944 0.002470
0.014146 0.000064 0.000010 0.190247 0.000010 0.496803 0.298710 0.000010
0.017940 0.000702 0.000010 0.209289 0.010425 0.465441 0.296183 0.000010
0.000010 0.000010 0.000010 0.223291 0.000010 0.531784 0.244875 0.000010
0.000010 0.000010 0.000010 0.000010 0.000010 0.972343 0.027597 0.000010
0.059725 0.000010 0.000010 0.124050 0.000010 0.554156 0.262029 0.000010
0.000010 0.000010 0.000010 0.179707 0.000010 0.489921 0.330322 0.000010
0.000010 0.000010 0.000010 0.059234 0.000010 0.848448 0.092269 0.000010
0.007146 0.000010 0.000010 0.221115 0.000010 0.477069 0.294630 0.000010
0.000010 0.000010 0.000010 0.015082 0.000010 0.919725 0.065142 0.000010
0.036717 0.000010 0.000010 0.114987 0.000010 0.641843 0.206412 0.000010
0.037004 0.000010 0.000010 0.212314 0.000206 0.523413 0.225230 0.001813
0.008955 0.000010 0.000010 0.150361 0.000010 0.553888 0.286756 0.000010
0.010697 0.000010 0.000010 0.147282 0.000010 0.619800 0.213522 0.008669
0.083512 0.000010 0.000010 0.211535 0.000010 0.495862 0.209051 0.000010
0.025039 0.000010 0.000010 0.183553 0.000010 0.502473 0.288894 0.000010
0.026063 0.008973 0.006160 0.188503 0.081516 0.465169 0.162665 0.060950
0.000010 0.001646 0.000010 0.239575 0.014398 0.434584 0.309767 0.000010
0.039350 0.001994 0.000010 0.244087 0.000010 0.327642 0.386896 0.000010
0.051572 0.000010 0.002330 0.285743 0.000082 0.363831 0.286306 0.010126
0.000010 0.001053 0.000010 0.282902 0.001018 0.463978 0.250697 0.000333
0.031967 0.000010 0.001661 0.206202 0.000010 0.327376 0.432764 0.000010
0.078131 0.000010 0.000010 0.286579 0.000010 0.289771 0.345479 0.000010
0.106760 0.000010 0.001244 0.239991 0.000010 0.304339 0.346685 0.000961
0.027495 0.000010 0.000010 0.297001 0.000010 0.345399 0.330065 0.000010
0.022926 0.002129 0.000010 0.299198 0.009525 0.372500 0.292381 0.001332
0.035256 0.000010 0.000010 0.319686 0.000010 0.345371 0.286580 0.013077
0.031977 0.000167 0.000116 0.262245 0.000010 0.441326 0.264148 0.000010
0.000010 0.000010 0.000010 0.392084 0.024007 0.445466 0.138403 0.000010
0.018065 0.000010 0.000010 0.519298 0.009020 0.235475 0.218112 0.000010
0.000010 0.000010 0.000010 0.812193 0.000010 0.035016 0.152741 0.000010
0.000010 0.000010 0.000010 0.767050 0.000010 0.054554 0.178346 0.000010
0.030336 0.000010 0.000010 0.906203 0.000010 0.000010 0.063411 0.000010
0.000010 0.000010 0.000010 0.981286 0.000010 0.000010 0.018654 0.000010
0.000010 0.000010 0.000010 0.939825 0.000010 0.006672 0.053453 0.000010
0.024110 0.000010 0.000010 0.933759 0.000010 0.000010 0.042081 0.000010
0.000010 0.000010 0.000010 0.999930 0.000010 0.000010 0.000010 0.000010
0.064657 0.000010 0.000010 0.925186 0.000010 0.010107 0.000010 0.000010
0.043388 0.000010 0.000010 0.956401 0.000010 0.000162 0.000010 0.000010
0.091372 0.000010 0.000010 0.905373 0.003205 0.000010 0.000010 0.000010
0.000010 0.000010 0.000010 0.999930 0.000010 0.000010 0.000010 0.000010
0.146200 0.000010 0.000010 0.818761 0.000010 0.000010 0.034989 0.000010
0.073443 0.000010 0.000010 0.926497 0.000010 0.000010 0.000010 0.000010
0.110413 0.000010 0.000015 0.889523 0.000010 0.000010 0.000010 0.000010
0.191240 0.000010 0.000010 0.808700 0.000010 0.000010 0.000010 0.000010
0.183353 0.000010 0.000010 0.800495 0.000010 0.000010 0.016102 0.000010
0.126861 0.000010 0.000010 0.873079 0.000010 0.000010 0.000010 0.000010
0.127707 0.000010 0.000010 0.872233 0.000010 0.000010 0.000010 0.000010
0.195952 0.000010 0.000010 0.774438 0.000010 0.000010 0.029560 0.000010
0.166767 0.000010 0.000010 0.795045 0.002074 0.000010 0.031106 0.004978
0.171545 0.000010 0.000010 0.828395 0.000010 0.000010 0.000010 0.000010
0.212371 0.000010 0.000010 0.782392 0.000010 0.000010 0.005187 0.000010
0.375109 0.000010 0.000010 0.621596 0.000010 0.003246 0.000010 0.000010
0.292513 0.000010 0.000010 0.707427 0.000010 0.000010 0.000010 0.000010
0.283053 0.000010 0.000010 0.716887 0.000010 0.000010 0.000010 0.000010
0.287602 0.000010 0.000010 0.712338 0.000010 0.000010 0.000010 0.000010
0.356351 0.000010 0.000010 0.643589 0.000010 0.000010 0.000010 0.000010
0.474204 0.001328 0.000010 0.524418 0.000010 0.000010 0.000010 0.000010
0.496135 0.000010 0.000010 0.503805 0.000010 0.000010 0.000010 0.000010
0.501731 0.000010 0.000010 0.492789 0.000010 0.005430 0.000010 0.000010
0.504090 0.000010 0.000010 0.490762 0.000010 0.000088 0.005020 0.000010
0.528985 0.000010 0.000010 0.398901 0.000010 0.027130 0.044944 0.000010
0.515801 0.000010 0.000010 0.443408 0.000010 0.014135 0.026616 0.000010
0.531783 0.000010 0.000010 0.442078 0.000010 0.026089 0.000010 0.000010
0.552328 0.000010 0.000010 0.413928 0.000010 0.032465 0.001239 0.000010
0.555972 0.000010 0.000010 0.411600 0.000010 0.032378 0.000010 0.000010
0.598237 0.000010 0.000010 0.365716 0.000010 0.014540 0.021467 0.000010
0.602454 0.000010 0.000010 0.390484 0.000010 0.007013 0.000010 0.000010
0.645743 0.000010 0.000010 0.354197 0.000010 0.000010 0.000010 0.000010
0.635094 0.000010 0.000010 0.364846 0.000010 0.000010 0.000010 0.000010
0.648997 0.000010 0.000010 0.350943 0.000010 0.000010 0.000010 0.000010
0.641016 0.000010 0.000010 0.358924 0.000010 0.000010 0.000010 0.000010
0.868050 0.003508 0.000010 0.110828 0.017574 0.000010 0.000010 0.000010
0.893621 0.000010 0.000010 0.106319 0.000010 0.000010 0.000010 0.000010
0.912704 0.000010 0.000010 0.087236 0.000010 0.000010 0.000010 0.000010
0.885254 0.000010 0.001093 0.113604 0.000010 0.000010 0.000010 0.000010
0.900263 0.000010 0.000010 0.099677 0.000010 0.000010 0.000010 0.000010
0.898018 0.000010 0.000010 0.101922 0.000010 0.000010 0.000010 0.000010
0.886289 0.000010 0.000010 0.113651 0.000010 0.000010 0.000010 0.000010
0.832712 0.000010 0.000010 0.100510 0.066727 0.000010 0.000010 0.000010
0.506574 0.000816 0.000010 0.046931 0.355815 0.015151 0.042669 0.032034
0.618319 0.002834 0.000010 0.087729 0.230283 0.033751 0.002647 0.024427
0.294675 0.000373 0.001496 0.002810 0.493579 0.046066 0.044481 0.116519
0.320241 0.002425 0.001832 0.000010 0.491891 0.023834 0.069284 0.090482
0.176435 0.000010 0.003015 0.000010 0.646434 0.084397 0.057863 0.031836
0.144034 0.000335 0.001132 0.019171 0.644262 0.116000 0.035482 0.039584
0.193859 0.000010 0.002056 0.000010 0.615692 0.088211 0.042814 0.057347
0.196673 0.000010 0.000010 0.000199 0.656953 0.080211 0.046822 0.019121
0.228154 0.000010 0.000449 0.000010 0.558912 0.085452 0.048315 0.078698
0.201744 0.000010 0.003125 0.000010 0.624855 0.076697 0.054183 0.039376
0.178330 0.000010 0.004831 0.000010 0.575882 0.093131 0.068527 0.079278
0.203196 0.000010 0.002307 0.000010 0.650674 0.099224 0.044570 0.000010
0.224211 0.000010 0.004229 0.000010 0.622855 0.066441 0.046053 0.036190
0.232120 0.000010 0.000010 0.005440 0.572997 0.071318 0.066212 0.051894
0.360902 0.000010 0.001252 0.000010 0.472957 0.051398 0.113460 0.000010
0.365177 0.000010 0.004749 0.020389 0.426796 0.058541 0.118802 0.005536
0.401636 0.000010 0.000010 0.054390 0.420937 0.062077 0.060931 0.000010
0.437024 0.000010 0.000010 0.022249 0.391110 0.061027 0.088560 0.000010
0.433150 0.000124 0.001735 0.027080 0.380181 0.071088 0.086632 0.000010
0.382311 0.000106 0.001006 0.000010 0.443673 0.053926 0.118959 0.000010
0.430958 0.000010 0.000010 0.000010 0.307309 0.130192 0.122977 0.008535
0.476951 0.000010 0.005944 0.000010 0.232850 0.157812 0.126414 0.000010
0.419918 0.000010 0.000041 0.000010 0.218115 0.168836 0.182622 0.010447
0.432551 0.000010 0.000010 0.000010 0.199510 0.182869 0.159087 0.025952
0.336822 0.000976 0.000010 0.000010 0.202999 0.341978 0.117194 0.000010
0.431674 0.001882 0.003467 0.000010 0.240913 0.166701 0.146627 0.008726
0.432387 0.002749 0.000010 0.000010 0.235018 0.185960 0.125320 0.018546
0.388858 0.000010 0.001629 0.027425 0.397059 0.087201 0.097809 0.000010
0.243388 0.000010 0.000010 0.000010 0.301897 0.337054 0.115902 0.001729
0.249043 0.000010 0.000493 0.000010 0.276131 0.352028 0.112076 0.010210
0.297458 0.000010 0.000010 0.000010 0.250227 0.328735 0.101931 0.021618
0.254780 0.003929 0.000010 0.000010 0.259572 0.308723 0.125639 0.047337
0.330110 0.000010 0.001026 0.000010 0.377116 0.186156 0.105563 0.000010
0.169190 0.000010 0.000010 0.000010 0.193479 0.493059 0.119032 0.025210
0.171920 0.000010 0.002081 0.000010 0.317626 0.385663 0.040171 0.082519
0.094595 0.000010 0.000010 0.000010 0.085161 0.736132 0.059881 0.024201
0.098283 0.000010 0.000010 0.000010 0.119476 0.730753 0.045568 0.005890
0.245857 0.000010 0.000831 0.000010 0.305975 0.342966 0.058462 0.045889
0.191018 0.000010 0.000639 0.000010 0.258168 0.439682 0.062974 0.047498
0.050842 0.000010 0.000010 0.000010 0.032949 0.906603 0.001333 0.008243
0.094574 0.000010 0.001769 0.000010 0.134913 0.736446 0.024000 0.008278
0.033571 0.000010 0.000010 0.001098 0.016082 0.934896 0.014324 0.000010
0.033642 0.000010 0.000010 0.000010 0.023887 0.925346 0.011913 0.005182
0.223459 0.000010 0.000010 0.000010 0.064926 0.578814 0.100075 0.032697
0.238774 0.000010 0.000010 0.000010 0.072127 0.574689 0.081928 0.032452
0.050739 0.000668 0.000010 0.000010 0.020443 0.922467 0.005653 0.000010
0.152363 0.003088 0.005168 0.023553 0.218367 0.484044 0.090784 0.022634
0.281227 0.000010 0.000010 0.000010 0.143410 0.449326 0.093361 0.032646
0.077989 0.000010 0.000010 0.000010 0.001868 0.895404 0.020666 0.004044
0.256909 0.000010 0.000010 0.000010 0.111323 0.570725 0.061004 0.000010
0.243334 0.000010 0.000097 0.000010 0.167618 0.449777 0.132352 0.006803
0.045381 0.000010 0.000341 0.000010 0.000010 0.944766 0.004640 0.004842
0.114430 0.000010 0.000010 0.000010 0.031164 0.840725 0.000010 0.013641
0.077791 0.000609 0.000631 0.000010 0.008995 0.881816 0.021439 0.008710
0.014418 0.001975 0.000010 0.000010 0.008869 0.974698 0.000010 0.000010
0.117847 0.000942 0.000010 0.000010 0.000010 0.830794 0.038315 0.012072
0.053867 0.001963 0.000010 0.004105 0.011166 0.904223 0.019412 0.005255
0.036429 0.000010 0.000390 0.000010 0.011744 0.951396 0.000010 0.000010
0.033238 0.000010 0.000010 0.000010 0.000010 0.966702 0.000010 0.000010
0.030802 0.000010 0.000010 0.000010 0.000010 0.969138 0.000010 0.000010
0.092018 0.000010 0.000010 0.001555 0.017091 0.875673 0.005783 0.007859
0.185888 0.000820 0.000344 0.000010 0.079057 0.591308 0.099433 0.043142
0.058357 0.003257 0.002626 0.000010 0.000010 0.920795 0.000010 0.014936
0.037408 0.000010 0.000010 0.000010 0.000010 0.962532 0.000010 0.000010
0.173551 0.000010 0.000569 0.000010 0.039347 0.732855 0.047649 0.006010
0.044843 0.000010 0.000010 0.008203 0.003186 0.943728 0.000010 0.000010
0.024913 0.004260 0.000010 0.000010 0.000010 0.970777 0.000010 0.000010
0.119508 0.000010 0.000010 0.000010 0.029095 0.764877 0.066400 0.020090
0.010860 0.000818 0.000010 0.006440 0.000010 0.979976 0.000010 0.001876
0.415620 0.000010 0.000010 0.018548 0.058959 0.345616 0.135939 0.025298
0.105026 0.000010 0.000010 0.000010 0.000010 0.840022 0.054902 0.000010
0.298167 0.000010 0.000010 0.001803 0.016602 0.559110 0.122325 0.001974
0.068953 0.000010 0.001084 0.000010 0.000010 0.833973 0.095950 0.000010
0.077457 0.000010 0.000010 0.000010 0.000010 0.908774 0.013719 0.000010
0.065346 0.000010 0.000010 0.012815 0.008864 0.907623 0.005322 0.000010
0.093689 0.000010 0.000010 0.000010 0.000010 0.852401 0.053859 0.000010
0.277377 0.000010 0.000010 0.040599 0.039167 0.562302 0.061730 0.018804
0.557690 0.003327 0.001164 0.000010 0.049718 0.126503 0.261578 0.000010
0.529296 0.010916 0.000529 0.048385 0.051858 0.135659 0.216009 0.007348
0.504176 0.005640 0.000074 0.060366 0.116765 0.132738 0.180231 0.000010
0.521354 0.000010 0.003920 0.045769 0.111874 0.122971 0.152328 0.041773
0.544647 0.000010 0.000279 0.030360 0.131253 0.111430 0.173663 0.008358
0.588340 0.000973 0.000637 0.071427 0.116733 0.054963 0.150886 0.016042
0.593236 0.000010 0.001387 0.048997 0.087717 0.070420 0.149177 0.049055
0.813398 0.000010 0.000010 0.121059 0.058074 0.000010 0.000010 0.007429
0.540321 0.002899 0.000010 0.057313 0.399428 0.000010 0.000010 0.000010
0.613599 0.000010 0.000010 0.074891 0.311460 0.000010 0.000010 0.000010
0.550193 0.000010 0.004208 0.100254 0.345305 0.000010 0.000010 0.000010
0.603266 0.001959 0.000010 0.082451 0.312284 0.000010 0.000010 0.000010
0.347457 0.001332 0.000368 0.064454 0.582230 0.000010 0.000010 0.004139
0.353659 0.002368 0.000417 0.061294 0.582232 0.000010 0.000010 0.000010
0.450141 0.001623 0.004455 0.078445 0.453276 0.000010 0.000010 0.012040
0.383556 0.005364 0.000010 0.036048 0.574992 0.000010 0.000010 0.000010
0.318780 0.003562 0.000010 0.086216 0.591402 0.000010 0.000010 0.000010
0.377092 0.004394 0.002562 0.074933 0.534456 0.000010 0.000010 0.006543
0.106713 0.000010 0.000010 0.038497 0.360228 0.000010 0.000010 0.494522
0.052243 0.007276 0.000010 0.063672 0.624975 0.004228 0.000010 0.247586
0.086041 0.003289 0.000010 0.040589 0.511765 0.000010 0.000010 0.358287
0.070908 0.003393 0.002266 0.050382 0.591325 0.010794 0.024127 0.246805
0.029488 0.002872 0.003180 0.039604 0.638121 0.020884 0.013700 0.252152
0.061306 0.005181 0.000010 0.083105 0.633090 0.000010 0.000010 0.217288
0.054013 0.002725 0.001182 0.054804 0.618752 0.011546 0.021945 0.235033
0.026353 0.000431 0.004700 0.012279 0.643663 0.011570 0.030582 0.270423
0.000010 0.007606 0.000010 0.088891 0.621957 0.015765 0.000010 0.265751
0.020140 0.003378 0.000852 0.070666 0.614646 0.000010 0.000010 0.290297
0.027608 0.008175 0.000010 0.062034 0.615573 0.016641 0.000010 0.269948
0.096256 0.000010 0.002954 0.043591 0.526247 0.000010 0.000010 0.330923
0.062606 0.000010 0.000010 0.044441 0.503033 0.000010 0.000010 0.389880
0.039316 0.000010 0.000010 0.007235 0.347198 0.045502 0.030259 0.530470
0.000010 0.002932 0.000010 0.012689 0.307358 0.074220 0.035497 0.567284
0.008536 0.000010 0.000010 0.000010 0.317355 0.049807 0.032892 0.591380
0.021581 0.001197 0.000010 0.028397 0.213002 0.035668 0.000010 0.700134
0.019513 0.002337 0.000010 0.020235 0.256658 0.028170 0.003091 0.669987
0.007621 0.009254 0.000010 0.017981 0.201213 0.031026 0.031402 0.701494
0.029988 0.000010 0.000010 0.000391 0.218122 0.020244 0.000010 0.731225
0.000010 0.006143 0.000010 0.011782 0.215175 0.036882 0.005955 0.724043
0.000010 0.000010 0.000010 0.000010 0.214438 0.000010 0.015833 0.769679
0.000010 0.000015 0.000010 0.001513 0.120473 0.041761 0.000010 0.836207
0.000010 0.000010 0.000010 0.000010 0.109948 0.039662 0.000582 0.849768
0.000010 0.000010 0.000010 0.010736 0.098902 0.031021 0.000010 0.859300
0.000010 0.000010 0.000010 0.000010 0.140099 0.000010 0.000010 0.859841
0.000010 0.000010 0.000010 0.000010 0.070040 0.000010 0.000010 0.929900
0.000010 0.000010 0.000010 0.000010 0.070989 0.000010 0.000010 0.928951
0.000010 0.000010 0.000010 0.000010 0.046639 0.000010 0.000010 0.953301
0.000010 0.000010 0.000010 0.000010 0.017018 0.000010 0.000010 0.982922
0.000010 0.000010 0.000010 0.000010 0.007060 0.000010 0.000010 0.992880
0.000010 0.000012 0.000010 0.007738 0.048637 0.000010 0.000010 0.943573
0.000010 0.000010 0.000010 0.004634 0.027030 0.122391 0.000010 0.845905
0.000010 0.000010 0.000010 0.000010 0.020370 0.102059 0.033212 0.844318
0.019984 0.000010 0.000010 0.024256 0.052665 0.175257 0.010810 0.717009
0.000010 0.001884 0.002736 0.000010 0.063186 0.127792 0.000010 0.804372
0.016605 0.000010 0.000010 0.000010 0.008861 0.145509 0.027579 0.801416
0.000010 0.000010 0.469781 0.000010 0.000010 0.032864 0.000010 0.497305
0.000010 0.000010 0.000902 0.000010 0.019147 0.122761 0.004403 0.852758
0.027033 0.000010 0.000010 0.021941 0.052515 0.137508 0.022627 0.738357
0.008524 0.000010 0.000010 0.003769 0.044971 0.083959 0.000010 0.858747
0.000010 0.000010 0.000010 0.000010 0.020528 0.094617 0.009235 0.875580
0.000010 0.000010 0.000010 0.000010 0.032918 0.102437 0.000010 0.864594
0.000010 0.000010 0.223673 0.000010 0.000557 0.119319 0.014770 0.641651
0.000010 0.000010 0.000386 0.000010 0.004448 0.134314 0.025215 0.835607
0.000010 0.000010 0.000010 0.028949 0.923260 0.047741 0.000010 0.000010
0.000010 0.000010 0.000010 0.000010 0.000010 0.198038 0.000010 0.801902
0.000010 0.000010 0.000010 0.000010 0.000010 0.187868 0.000010 0.812072
0.002428 0.000010 0.000010 0.000010 0.024550 0.248539 0.000649 0.723804
0.000010 0.000010 0.506450 0.000010 0.000010 0.023413 0.000010 0.470087
0.000010 0.000010 0.485556 0.000010 0.000010 0.000010 0.000010 0.514384
0.050405 0.001939 0.000010 0.000010 0.008138 0.110941 0.000010 0.828547
0.026041 0.000015 0.000010 0.000010 0.024176 0.097940 0.009863 0.841945
0.036103 0.007229 0.079613 0.005273 0.010293 0.113856 0.000010 0.747623
0.000010 0.007490 0.001106 0.000010 0.054316 0.134651 0.012909 0.789507
0.028410 0.000010 0.000010 0.013100 0.008934 0.166462 0.002264 0.780811
0.020208 0.003604 0.000010 0.010747 0.000010 0.160361 0.007936 0.797124
0.010944 0.003396 0.000010 0.000010 0.000010 0.128505 0.038906 0.818218
0.000010 0.266606 0.733334 0.000010 0.000010 0.000010 0.000010 0.000010
0.000010 0.000010 0.441955 0.003718 0.007461 0.067864 0.019855 0.459127
0.000010 0.000010 0.521628 0.000010 0.000010 0.000010 0.000010 0.478312
0.000010 0.000010 0.514994 0.000010 0.000010 0.000010 0.000010 0.484946
0.000010 0.000010 0.000010 0.000010 0.000010 0.391007 0.000010 0.608933
0.000010 0.000010 0.000010 0.000010 0.000010 0.416592 0.017329 0.566029
0.000010 0.000010 0.000010 0.000010 0.000010 0.425270 0.005742 0.568938
0.000010 0.000010 0.006416 0.000010 0.000010 0.278655 0.006910 0.707979
0.000010 0.000010 0.114925 0.000010 0.000010 0.161044 0.000840 0.723151
0.000010 0.000010 0.318329 0.000010 0.000010 0.130522 0.000010 0.551098
0.000010 0.000010 0.567395 0.000010 0.000010 0.051627 0.000010 0.380929
0.000010 0.000010 0.058197 0.000010 0.000010 0.181591 0.000010 0.760161
0.000010 0.000010 0.259618 0.000010 0.000010 0.153646 0.000010 0.586686
0.000010 0.000010 0.000010 0.000010 0.000010 0.210301 0.000010 0.789639
0.000010 0.000010 0.051790 0.000010 0.000010 0.177747 0.008967 0.761456
0.000010 0.000010 0.023802 0.000010 0.000010 0.183229 0.014500 0.778429
0.000010 0.000010 0.000010 0.000010 0.000010 0.211039 0.000010 0.788901
0.000010 0.000010 0.000010 0.000010 0.000010 0.183712 0.000010 0.816228
0.000010 0.000010 0.000010 0.000010 0.000010 0.174853 0.000010 0.825087
0.000010 0.000010 0.002042 0.000010 0.000010 0.178247 0.000010 0.819661
0.000010 0.000010 0.000010 0.000010 0.000010 0.999930 0.000010 0.000010
0.000010 0.000018 0.007323 0.000010 0.000010 0.992609 0.000010 0.000010
0.000010 0.000010 0.000010 0.000010 0.000010 0.999930 0.000010 0.000010
0.000010 0.000010 0.533984 0.000010 0.000010 0.465956 0.000010 0.000010
0.000010 0.000010 0.534687 0.000010 0.000010 0.465253 0.000010 0.000010
0.000010 0.000010 0.533459 0.000010 0.000010 0.466481 0.000010 0.000010
0.139451 0.000010 0.000010 0.001167 0.003463 0.160403 0.693681 0.001815
0.104406 0.000010 0.000010 0.045908 0.000010 0.202550 0.642368 0.004739
0.095235 0.000419 0.000010 0.017892 0.000010 0.209589 0.676836 0.000010
0.148943 0.000092 0.000010 0.055515 0.000010 0.139203 0.647513 0.008714
0.214867 0.002003 0.001585 0.083338 0.000010 0.000010 0.689744 0.008443
0.252338 0.000010 0.000010 0.157885 0.000010 0.000010 0.589727 0.000010
0.198466 0.000010 0.000010 0.287489 0.000010 0.000010 0.513995 0.000010
0.202195 0.000010 0.000010 0.217108 0.000010 0.000010 0.575126 0.005531
0.105737 0.000010 0.000010 0.098311 0.000010 0.122104 0.659741 0.014078
0.117486 0.000010 0.000010 0.135401 0.001253 0.071547 0.674283 0.000010
0.090484 0.000010 0.000010 0.030470 0.005998 0.345856 0.527163 0.000010
0.015956 0.000010 0.000010 0.167167 0.002613 0.095425 0.718808 0.000010
0.075472 0.000014 0.000010 0.171519 0.000010 0.314442 0.433534 0.004999
0.017796 0.000010 0.000860 0.181769 0.008086 0.172775 0.618695 0.000010
0.071881 0.000010 0.000010 0.062556 0.000010 0.240391 0.617102 0.008040
0.036949 0.006109 0.000885 0.154862 0.008737 0.184971 0.603493 0.003995
0.000010 0.000010 0.000010 0.256422 0.000974 0.035536 0.707029 0.000010
0.023339 0.000010 0.000010 0.285053 0.019871 0.000010 0.670077 0.001630
0.000010 0.000010 0.000010 0.280167 0.000010 0.000010 0.719773 0.000010
0.004472 0.000010 0.000010 0.173178 0.000010 0.074383 0.743148 0.004790
0.073144 0.000329 0.000010 0.030578 0.000010 0.311310 0.584610 0.000010
0.189314 0.000010 0.000010 0.199186 0.000010 0.000010 0.589274 0.022185
0.092711 0.006926 0.000010 0.018594 0.005730 0.191589 0.673380 0.011060
0.073736 0.000010 0.000010 0.000010 0.017223 0.292226 0.616774 0.000010
0.073556 0.000010 0.000010 0.060722 0.000010 0.214090 0.640220 0.011383
0.025280 0.002593 0.000010 0.059304 0.000010 0.250909 0.661885 0.000010
0.122760 0.000010 0.000010 0.000010 0.000010 0.265814 0.611376 0.000010
0.055190 0.001260 0.000010 0.011015 0.003562 0.373486 0.555467 0.000010
0.071757 0.000526 0.000721 0.000010 0.000010 0.302738 0.624228 0.000010
0.053324 0.002324 0.000010 0.000010 0.005570 0.384753 0.554000 0.000010
0.000010 0.000010 0.000010 0.000010 0.000010 0.920343 0.079597 0.000010
0.000010 0.000010 0.000010 0.026548 0.000010 0.807152 0.166250 0.000010
0.000010 0.000010 0.000010 0.000010 0.000010 0.976434 0.023506 0.000010
0.000010 0.000010 0.000010 0.000010 0.000010 0.952334 0.047606 0.000010
0.000010 0.000010 0.000278 0.035047 0.000818 0.799720 0.164106 0.000010
0.000010 0.000010 0.000010 0.240798 0.000010 0.445302 0.313850 0.000010
0.000010 0.000010 0.000010 0.210916 0.000010 0.433901 0.355133 0.000010
0.000010 0.000010 0.000010 0.282367 0.000010 0.372356 0.345227 0.000010
0.000010 0.000010 0.000010 0.217446 0.000010 0.415322 0.367182 0.000010
0.000010 0.000010 0.000010 0.309484 0.000010 0.300503 0.389963 0.000010
0.000010 0.000010 0.000010 0.498008 0.000010 0.149526 0.352416 0.000010
0.000010 0.000010 0.000010 0.530500 0.000010 0.065478 0.403972 0.000010
0.000010 0.000010 0.000010 0.646793 0.000010 0.036340 0.316816 0.000010
0.000010 0.000010 0.000010 0.640661 0.000010 0.055659 0.303630 0.000010
0.000010 0.000010 0.000010 0.585538 0.000010 0.016237 0.398175 0.000010
0.000010 0.000010 0.000010 0.642790 0.000010 0.079431 0.277729 0.000010
0.000010 0.000010 0.000010 0.521242 0.000010 0.103265 0.375444 0.000010
0.137915 0.003345 0.000829 0.000010 0.000010 0.125799 0.727523 0.004568
0.102250 0.000010 0.001221 0.000010 0.000010 0.239542 0.654545 0.002413
0.066931 0.000010 0.000010 0.085515 0.000010 0.194346 0.653167 0.000010
0.052376 0.000010 0.001174 0.000010 0.021707 0.168120 0.750770 0.005833
0.111885 0.000441 0.000010 0.000010 0.000010 0.096558 0.791076 0.000010
0.076400 0.006741 0.000010 0.000010 0.000028 0.182255 0.731680 0.002877
0.070214 0.000010 0.000010 0.000010 0.016326 0.088796 0.824624 0.000010
0.124785 0.001811 0.000146 0.007141 0.000010 0.117671 0.745838 0.002598
0.097921 0.001075 0.000010 0.000010 0.000010 0.165832 0.725463 0.009681
0.000010 0.000010 0.000010 0.000068 0.000010 0.958440 0.041442 0.000010
0.071152 0.000010 0.011351 0.000010 0.000010 0.213397 0.696507 0.007563
0.082464 0.002929 0.000010 0.000010 0.000010 0.305785 0.608782 0.000010
0.000010 0.000176 0.000010 0.000010 0.000010 0.907606 0.092167 0.000010
0.000010 0.002211 0.000010 0.000010 0.000754 0.820057 0.176939 0.000010
0.000010 0.000010 0.000010 0.000010 0.000010 0.999930 0.000010 0.000010
0.000010 0.000010 0.000010 0.000010 0.000010 0.999930 0.000010 0.000010
0.000010 0.000010 0.000010 0.000010 0.000010 0.988448 0.011492 0.000010
0.000010 0.000010 0.000010 0.000010 0.000010 0.993615 0.006325 0.000010
0.000010 0.000010 0.000010 0.000010 0.000010 0.999930 0.000010 0.000010
0.000010 0.000010 0.000010 0.000010 0.000010 0.999930 0.000010 0.000010
0.000010 0.000010 0.000010 0.000010 0.000010 0.999930 0.000010 0.000010
0.000010 0.000010 0.000010 0.000010 0.000010 0.999930 0.000010 0.000010
0.000010 0.000010 0.000010 0.000010 0.000010 0.999930 0.000010 0.000010
0.000010 0.000010 0.000010 0.000010 0.000010 0.999930 0.000010 0.000010
0.000010 0.000010 0.000010 0.000010 0.000010 0.999930 0.000010 0.000010
0.000010 0.000010 0.000010 0.000010 0.000010 0.999930 0.000010 0.000010
0.000010 0.000010 0.000011 0.000010 0.000010 0.954590 0.045349 0.000010
0.000010 0.000018 0.000010 0.000010 0.000010 0.999922 0.000010 0.000010
0.000010 0.000010 0.000010 0.000010 0.000010 0.999930 0.000010 0.000010
0.000010 0.000010 0.000012 0.000010 0.000010 0.999922 0.000016 0.000010
0.000010 0.000010 0.000010 0.000010 0.000010 0.999930 0.000010 0.000010
0.000010 0.000010 0.000011 0.000010 0.000010 0.999929 0.000010 0.000010
0.000010 0.000010 0.000010 0.000010 0.000010 0.999930 0.000010 0.000010
0.020155 0.000010 0.000010 0.000010 0.000010 0.947035 0.032760 0.000010
0.019815 0.000010 0.000010 0.000010 0.000010 0.945929 0.034206 0.000010
0.037143 0.000012 0.000010 0.000010 0.000010 0.960759 0.000010 0.002046
0.047547 0.002331 0.000010 0.000010 0.000010 0.950072 0.000010 0.000010
0.377508 0.001156 0.000010 0.000010 0.000010 0.424695 0.174660 0.021951
0.089078 0.000010 0.000010 0.000010 0.000010 0.891263 0.019609 0.000010
0.087346 0.000010 0.000010 0.000010 0.000010 0.891399 0.020762 0.000452
0.153571 0.000010 0.000010 0.000010 0.000010 0.776846 0.069533 0.000010
0.073661 0.000010 0.003195 0.000010 0.000010 0.895122 0.027983 0.000010
0.474776 0.000010 0.000010 0.000010 0.050162 0.323048 0.147426 0.004557
0.054958 0.000010 0.000010 0.000010 0.000010 0.897123 0.040848 0.007031
0.208338 0.000010 0.000010 0.000010 0.005235 0.736674 0.049712 0.000010
0.437357 0.000010 0.000010 0.000010 0.000010 0.431384 0.124615 0.006605
0.000010 0.999930 0.000010 0.000010 0.000010 0.000010 0.000010 0.000010
0.092000 0.000010 0.000010 0.000010 0.000010 0.844117 0.063833 0.000010
0.058847 0.000010 0.000010 0.000010 0.001445 0.903546 0.036122 0.000010
0.000304 0.000010 0.000527 0.013517 0.003838 0.979479 0.002315 0.000010
0.000014 0.000010 0.000014 0.000010 0.000010 0.999921 0.000010 0.000010
0.008785 0.001220 0.000010 0.001518 0.005948 0.982499 0.000010 0.000010
0.000010 0.000010 0.000010 0.000010 0.000010 0.999930 0.000010 0.000010
0.000010 0.000444 0.000010 0.000010 0.013069 0.986437 0.000010 0.000010
0.003367 0.000010 0.004192 0.007941 0.000010 0.976182 0.000010 0.008289
0.023075 0.000010 0.000010 0.000010 0.000010 0.960965 0.015910 0.000010
0.021293 0.000010 0.000010 0.000010 0.000010 0.961609 0.017049 0.000010
0.016956 0.000010 0.003530 0.001484 0.000010 0.955546 0.016418 0.006045
0.019696 0.000010 0.000012 0.000010 0.000010 0.980242 0.000010 0.000010
0.007414 0.000456 0.000642 0.000671 0.013880 0.976917 0.000010 0.000010
0.020198 0.000010 0.000018 0.000010 0.000010 0.979734 0.000010 0.000010
0.025485 0.000010 0.004689 0.000010 0.009027 0.960759 0.000010 0.000010
0.010068 0.000177 0.001744 0.003726 0.000010 0.980917 0.000010 0.003348
0.000010 0.000010 0.000010 0.000010 0.011719 0.988221 0.000010 0.000010
0.005167 0.000399 0.000010 0.000736 0.011859 0.981810 0.000010 0.000010
0.015185 0.000010 0.000010 0.000010 0.000010 0.984755 0.000010 0.000010
0.000010 0.000010 0.000010 0.000010 0.000010 0.999930 0.000010 0.000010
0.004195 0.000535 0.000716 0.000010 0.000010 0.990007 0.000010 0.004518
0.000010 0.000010 0.000010 0.000010 0.001750 0.997313 0.000010 0.000887
0.008335 0.002757 0.000010 0.000010 0.004764 0.982797 0.000010 0.001317
0.003895 0.000010 0.001507 0.022419 0.000010 0.972139 0.000010 0.000010
0.086674 0.000010 0.003366 0.000010 0.005709 0.864705 0.039516 0.000010
0.108784 0.000010 0.002899 0.000010 0.000010 0.816566 0.070519 0.001201
0.165722 0.000010 0.000010 0.141506 0.141365 0.345914 0.030730 0.174743
0.081223 0.000776 0.001646 0.016442 0.015851 0.870894 0.013157 0.000010
0.230568 0.000010 0.000010 0.000010 0.013414 0.676657 0.079321 0.000010
0.102472 0.000010 0.000468 0.000010 0.000010 0.876295 0.018034 0.002702
0.071914 0.000010 0.000010 0.000010 0.000010 0.870129 0.057907 0.000010
0.084160 0.000791 0.000010 0.000122 0.005774 0.866390 0.042105 0.000648
0.000010 0.000010 0.000010 0.000010 0.000010 0.999930 0.000010 0.000010
0.000010 0.000010 0.000010 0.000010 0.000010 0.999930 0.000010 0.000010
0.000010 0.000010 0.468678 0.000010 0.000010 0.531262 0.000010 0.000010
0.000010 0.000010 0.000010 0.000010 0.000010 0.999930 0.000010 0.000010
0.000010 0.000010 0.000010 0.000010 0.000010 0.999930 0.000010 0.000010
