0.099116 0.640200 0.001462 0.087846 0.171376
0.037871 0.412992 0.004180 0.404622 0.140335
0.080780 0.640749 0.002973 0.069082 0.206416
0.080562 0.390881 0.000137 0.408208 0.120213
0.157144 0.591063 0.004248 0.086425 0.161120
0.026937 0.372067 0.000010 0.444475 0.156512
0.313743 0.482492 0.000010 0.126203 0.077552
0.330129 0.474223 0.000010 0.159862 0.035776
0.327688 0.481437 0.000010 0.138990 0.051876
0.360473 0.468621 0.000010 0.128620 0.042276
0.364992 0.474406 0.000010 0.114504 0.046088
0.367740 0.499737 0.000010 0.093797 0.038717
0.338816 0.509369 0.000010 0.112232 0.039573
0.063398 0.287507 0.000010 0.547598 0.101487
0.109982 0.600459 0.000461 0.126175 0.162922
0.157726 0.659106 0.000010 0.146059 0.037099
0.156970 0.661609 0.000010 0.145789 0.035622
0.164004 0.629970 0.000010 0.169945 0.036071
0.216909 0.545197 0.000010 0.146922 0.090962
0.204469 0.582784 0.000010 0.155674 0.057062
0.204570 0.536133 0.004536 0.160278 0.094484
0.150797 0.544557 0.000010 0.198375 0.106261
0.112218 0.624993 0.000010 0.138569 0.124210
0.129169 0.612302 0.002477 0.143085 0.112967
0.079719 0.474243 0.000010 0.347562 0.098466
0.090946 0.595440 0.002499 0.133899 0.177216
0.099594 0.605636 0.003520 0.142028 0.149222
0.107852 0.626206 0.000010 0.153871 0.112061
0.097973 0.630205 0.000010 0.115317 0.156495
0.077125 0.632293 0.002940 0.122287 0.165354
0.122136 0.618891 0.000010 0.102293 0.156670
0.103040 0.590966 0.000010 0.133362 0.172622
0.088728 0.649381 0.000010 0.095128 0.166752
0.076893 0.609395 0.001474 0.102737 0.209501
0.056306 0.565234 0.000872 0.168334 0.209254
0.070817 0.620052 0.000010 0.134390 0.174731
0.075154 0.647539 0.000010 0.104338 0.172959
0.048370 0.605415 0.000010 0.136986 0.209220
0.000010 0.000010 0.999960 0.000010 0.000010
0.060374 0.602929 0.000010 0.128742 0.207945
0.060389 0.585000 0.005848 0.140628 0.208136
0.078324 0.571244 0.000010 0.179688 0.170734
0.089418 0.560908 0.000834 0.174376 0.174465
0.041907 0.602204 0.004593 0.119228 0.232068
0.052117 0.563540 0.001245 0.127682 0.255415
0.031519 0.432799 0.000010 0.353151 0.182521
0.066008 0.573335 0.000010 0.157258 0.203389
0.072371 0.499732 0.000010 0.221948 0.205940
0.049054 0.543132 0.004338 0.170256 0.233220
0.055946 0.551392 0.000346 0.156538 0.235777
0.055340 0.533040 0.000010 0.171774 0.239836
0.037046 0.514101 0.000740 0.202222 0.245891
0.039970 0.552849 0.000010 0.161315 0.245856
0.023716 0.492805 0.000010 0.273203 0.210266
0.048075 0.490333 0.001052 0.208839 0.251701
0.044904 0.540017 0.000010 0.183786 0.231282
0.000010 0.052183 0.000010 0.915958 0.031839
0.015331 0.311910 0.000010 0.542034 0.130715
0.034692 0.299977 0.001085 0.540936 0.123310
0.035893 0.340903 0.001765 0.492028 0.129410
0.056731 0.434386 0.001346 0.280520 0.227017
0.032164 0.394907 0.000010 0.411909 0.161010
0.001622 0.021078 0.000010 0.962002 0.015288
0.000010 0.123363 0.000010 0.834060 0.042557
0.013685 0.284232 0.000010 0.554912 0.147162
0.014281 0.358167 0.000112 0.479789 0.147651
0.003717 0.241846 0.000010 0.660167 0.094260
0.027275 0.259467 0.000010 0.607868 0.105380
0.000010 0.065759 0.001336 0.927137 0.005758
0.007961 0.152619 0.001264 0.782638 0.055519
0.000010 0.797775 0.000891 0.000010 0.201313
0.000010 0.786111 0.000010 0.000010 0.213859
0.000010 0.796209 0.003716 0.000010 0.200055
0.000010 0.815916 0.002008 0.000010 0.182056
0.041516 0.763492 0.003803 0.000010 0.191179
0.056387 0.751773 0.002255 0.000010 0.189575
0.050989 0.764940 0.000275 0.000010 0.183786
0.035033 0.782111 0.004826 0.000010 0.178020
0.142723 0.678079 0.008951 0.003094 0.167152
0.288121 0.582159 0.007580 0.028105 0.094035
0.319958 0.569611 0.001917 0.033541 0.074973
0.341048 0.571897 0.000010 0.033481 0.053565
0.461555 0.485437 0.000051 0.030591 0.022366
0.446467 0.509788 0.005399 0.024856 0.013489
0.481627 0.461371 0.002513 0.022606 0.031883
0.476923 0.494189 0.000010 0.028867 0.000010
0.501499 0.449934 0.000010 0.048547 0.000010
0.515476 0.457988 0.000010 0.026516 0.000010
0.537298 0.442906 0.000010 0.019777 0.000010
0.533678 0.430826 0.000010 0.035476 0.000010
0.532141 0.458659 0.001906 0.007284 0.000010
0.548885 0.434527 0.000010 0.016568 0.000010
0.542226 0.445076 0.000013 0.012676 0.000010
0.545628 0.443886 0.000010 0.010466 0.000010
0.543500 0.443594 0.000010 0.012887 0.000010
0.542031 0.439632 0.000010 0.018317 0.000010
0.482753 0.459374 0.000012 0.057851 0.000010
0.543514 0.432701 0.000010 0.023765 0.000010
0.482564 0.481671 0.000010 0.035746 0.000010
0.512021 0.454411 0.002213 0.031345 0.000010
0.494688 0.483401 0.000010 0.021890 0.000010
0.485420 0.505570 0.000010 0.008990 0.000010
0.466282 0.514975 0.000010 0.018722 0.000010
0.471479 0.518234 0.000012 0.010264 0.000010
0.492769 0.497493 0.000010 0.009718 0.000010
0.501605 0.463316 0.000010 0.035059 0.000010
0.540447 0.427719 0.000010 0.031815 0.000010
0.575022 0.401333 0.000010 0.023625 0.000010
0.597694 0.370587 0.000014 0.031695 0.000010
0.572791 0.416747 0.000010 0.010442 0.000010
0.566400 0.400478 0.000010 0.033102 0.000010
0.564531 0.435439 0.000010 0.000010 0.000010
0.567137 0.432833 0.000010 0.000010 0.000010
0.584943 0.408818 0.000010 0.006219 0.000010
0.609540 0.383345 0.000010 0.007095 0.000010
0.598845 0.375324 0.000010 0.025811 0.000010
0.558838 0.410939 0.001302 0.028635 0.000286
0.638423 0.340247 0.001516 0.019804 0.000010
0.587878 0.372770 0.000013 0.039329 0.000010
0.624267 0.354228 0.000010 0.021485 0.000010
0.602865 0.378113 0.000215 0.018797 0.000010
0.606583 0.370767 0.000010 0.022630 0.000010
0.644929 0.343404 0.000010 0.011647 0.000010
0.617436 0.358629 0.000010 0.023915 0.000010
0.624972 0.299092 0.000014 0.075913 0.000010
0.587600 0.316806 0.000010 0.095574 0.000010
0.610874 0.271492 0.000010 0.117614 0.000010
0.626480 0.306082 0.000010 0.067417 0.000010
0.610202 0.301132 0.000010 0.088645 0.000010
0.619340 0.289503 0.000067 0.091079 0.000010
0.574239 0.348241 0.000010 0.077500 0.000010
0.611234 0.311912 0.000016 0.076828 0.000010
0.611726 0.310249 0.006334 0.070167 0.001524
0.593049 0.329661 0.000010 0.077270 0.000010
0.607518 0.319874 0.000010 0.072588 0.000010
0.573608 0.315558 0.000010 0.110814 0.000010
0.591016 0.323288 0.000016 0.085670 0.000010
0.592490 0.310047 0.000017 0.097436 0.000010
0.600056 0.300377 0.000011 0.099546 0.000010
0.609023 0.299904 0.000012 0.091051 0.000010
0.583378 0.323319 0.000015 0.093279 0.000010
0.631863 0.274858 0.000010 0.093259 0.000010
0.633138 0.271403 0.002778 0.091183 0.001498
0.440885 0.215407 0.000010 0.336350 0.007348
0.438670 0.173410 0.003824 0.381915 0.002181
0.507420 0.242872 0.000010 0.249688 0.000010
0.579228 0.224811 0.001244 0.194706 0.000010
0.584160 0.334066 0.000015 0.081749 0.000010
0.555285 0.263300 0.004201 0.172822 0.004392
0.416030 0.181462 0.002719 0.397479 0.002310
0.634745 0.206455 0.000010 0.158780 0.000010
0.659836 0.157411 0.000010 0.182733 0.000010
0.656233 0.178915 0.000010 0.164832 0.000010
0.532980 0.098583 0.246622 0.110697 0.011118
0.632049 0.199889 0.000010 0.168043 0.000010
0.627847 0.191473 0.000010 0.180660 0.000010
0.648282 0.156767 0.000010 0.194931 0.000010
0.315794 0.105705 0.000010 0.578481 0.000010
0.000010 0.000011 0.999956 0.000013 0.000010
0.000010 0.000010 0.999958 0.000012 0.000010
0.000010 0.000010 0.999960 0.000010 0.000010
0.000010 0.000010 0.000010 0.999960 0.000010
0.000010 0.000010 0.000010 0.999960 0.000010
0.000010 0.029965 0.000010 0.737864 0.232150
0.000010 0.000010 0.000119 0.847790 0.152071
0.000229 0.000010 0.000010 0.580270 0.419481
0.000010 0.008610 0.000010 0.617374 0.373995
0.004321 0.019566 0.000010 0.585352 0.390750
0.000010 0.003422 0.000010 0.630345 0.366213
0.000010 0.000010 0.000010 0.985627 0.014343
0.000010 0.043860 0.000010 0.659726 0.296394
0.000010 0.000010 0.000010 0.622756 0.377214
0.000010 0.000010 0.000010 0.886879 0.113091
0.000010 0.003200 0.000010 0.595661 0.401120
0.000010 0.000010 0.000010 0.947296 0.052674
0.000010 0.022268 0.000010 0.725185 0.252528
0.001177 0.032697 0.000010 0.613588 0.352528
0.000010 0.000010 0.000010 0.669225 0.330745
0.006096 0.008572 0.000010 0.706655 0.278667
0.000010 0.079287 0.000010 0.578985 0.341708
0.000010 0.019251 0.000010 0.618660 0.362069
0.106242 0.068349 0.013068 0.531665 0.280676
0.008370 0.006092 0.000010 0.559999 0.425528
0.000010 0.022477 0.000145 0.484607 0.492761
0.009287 0.050600 0.000836 0.478554 0.460724
0.004081 0.000277 0.000010 0.564229 0.431404
0.000010 0.012525 0.000010 0.502981 0.484474
0.000010 0.065249 0.000010 0.427559 0.507172
0.000010 0.085698 0.000010 0.443784 0.470498
0.000010 0.019963 0.000010 0.477636 0.502382
0.007020 0.031077 0.000010 0.490378 0.471514
0.011512 0.038043 0.000010 0.459874 0.490561
0.000010 0.036897 0.000010 0.547035 0.416048
0.012862 0.043676 0.000010 0.498713 0.444739
0.000098 0.063953 0.000010 0.319510 0.616428
0.000010 0.041949 0.000010 0.092289 0.865742
0.001608 0.055518 0.000010 0.119452 0.823412
0.000010 0.124163 0.000010 0.014733 0.861084
0.000011 0.092239 0.000010 0.000010 0.907730
0.004038 0.104642 0.002020 0.019664 0.869636
0.000010 0.140661 0.000285 0.002594 0.856451
0.000010 0.133435 0.000010 0.000010 0.866535
0.000010 0.176377 0.001595 0.005226 0.816793
0.000010 0.151742 0.000010 0.000587 0.847652
0.000010 0.200615 0.000010 0.000010 0.799355
0.000010 0.156777 0.000010 0.000010 0.843193
0.000010 0.224766 0.000010 0.003360 0.771854
0.000010 0.184355 0.000010 0.000010 0.815615
0.000010 0.211847 0.000010 0.000010 0.788123
0.000010 0.253014 0.000011 0.000010 0.746955
0.000010 0.241090 0.000012 0.000010 0.758878
0.000010 0.221569 0.000010 0.000010 0.778401
0.000010 0.220717 0.000010 0.000010 0.779253
0.000010 0.256603 0.002849 0.000010 0.740528
0.001864 0.244470 0.004077 0.000010 0.749579
0.000013 0.243359 0.000010 0.000010 0.756608
0.000010 0.274206 0.000010 0.000010 0.725764
0.000010 0.383574 0.000010 0.000010 0.616396
0.000010 0.320913 0.000010 0.000010 0.679057
0.000010 0.346021 0.000010 0.000010 0.653949
0.000010 0.356259 0.000010 0.000010 0.643711
0.000010 0.383973 0.000010 0.000010 0.615997
0.000010 0.477810 0.000010 0.000010 0.522160
0.000010 0.491429 0.000010 0.000010 0.508541
0.000010 0.493139 0.001114 0.000010 0.505727
0.000010 0.484250 0.000010 0.000010 0.515720
0.000010 0.496435 0.000010 0.037479 0.466066
0.000010 0.490516 0.000793 0.015175 0.493506
0.000010 0.501301 0.003542 0.017257 0.477890
0.000010 0.501510 0.000010 0.025974 0.472496
0.000010 0.507010 0.000010 0.025382 0.467589
0.000010 0.553220 0.001244 0.013670 0.431857
0.000010 0.569373 0.000010 0.000010 0.430597
0.000010 0.581554 0.000010 0.000010 0.418416
0.000010 0.590188 0.000010 0.000010 0.409782
0.000010 0.586413 0.000010 0.000010 0.413557
0.000010 0.585712 0.000010 0.000010 0.414258
0.000010 0.790709 0.003733 0.000010 0.205538
0.000010 0.808021 0.001248 0.000010 0.190711
0.000010 0.809337 0.000010 0.000010 0.190633
0.000010 0.784862 0.004328 0.000010 0.210791
0.000010 0.808892 0.000010 0.000010 0.191078
0.000010 0.798915 0.000018 0.000010 0.201047
0.000010 0.810840 0.000010 0.000010 0.189130
0.011544 0.793288 0.003463 0.000010 0.191695
0.211974 0.648162 0.000010 0.035300 0.104554
0.132880 0.691815 0.004093 0.034359 0.136852
0.378130 0.520093 0.000010 0.069305 0.032462
0.350831 0.550887 0.000836 0.059582 0.037863
0.373716 0.509794 0.000010 0.116471 0.000010
0.383255 0.479222 0.000010 0.137503 0.000010
0.384223 0.502722 0.000010 0.113036 0.000010
0.366119 0.528561 0.000010 0.105300 0.000010
0.374680 0.512815 0.000010 0.112486 0.000010
0.369401 0.522640 0.000010 0.107939 0.000010
0.388719 0.473136 0.000010 0.130921 0.007214
0.337065 0.537253 0.000010 0.125662 0.000010
0.365925 0.539865 0.000010 0.094190 0.000010
0.353855 0.515840 0.000010 0.104398 0.025897
0.244109 0.583790 0.000010 0.105224 0.066868
0.225719 0.557622 0.001079 0.114123 0.101457
0.204417 0.610091 0.000010 0.092855 0.092627
0.182761 0.621880 0.000010 0.103701 0.091647
0.182791 0.605173 0.000344 0.112567 0.099125
0.228623 0.587515 0.000010 0.110263 0.073589
0.165501 0.547782 0.000010 0.184837 0.101870
0.110955 0.550296 0.004717 0.213455 0.120577
0.121684 0.504843 0.000010 0.250298 0.123165
0.124348 0.496795 0.000010 0.252316 0.126531
0.101546 0.408575 0.000010 0.393066 0.096803
0.128802 0.527313 0.004920 0.232601 0.106365
0.135024 0.508703 0.000578 0.241300 0.114396
0.195874 0.572819 0.000010 0.133076 0.098220
0.160291 0.388185 0.000010 0.389529 0.061986
0.156361 0.388174 0.000010 0.404090 0.051365
0.150708 0.418937 0.000010 0.376424 0.053921
0.182491 0.381716 0.002193 0.366463 0.067138
0.189326 0.514223 0.000010 0.237047 0.059394
0.126359 0.256550 0.000010 0.544895 0.072186
0.252559 0.322170 0.000010 0.406730 0.018530
0.068794 0.138192 0.000010 0.763076 0.029928
0.067535 0.165132 0.000010 0.752125 0.015198
0.206806 0.389997 0.000010 0.371397 0.031790
0.185153 0.327438 0.000010 0.471122 0.016277
0.023418 0.067452 0.000010 0.909111 0.000010
0.077213 0.161729 0.000010 0.749065 0.011983
0.004706 0.043972 0.000010 0.942191 0.009121
0.017354 0.044045 0.000010 0.931656 0.006936
0.063205 0.239686 0.000010 0.621413 0.075686
0.067603 0.264239 0.000010 0.610972 0.057176
0.003388 0.068836 0.000010 0.927756 0.000010
0.137312 0.251116 0.006211 0.524192 0.081168
0.102163 0.330414 0.000010 0.489777 0.077636
0.003382 0.079659 0.000010 0.905364 0.011585
0.049772 0.296076 0.000010 0.597667 0.056476
0.094288 0.323540 0.000010 0.508657 0.073506
0.002789 0.045362 0.000010 0.948542 0.003297
0.026767 0.130806 0.000010 0.842407 0.000010
0.010684 0.081850 0.001596 0.892415 0.013455
0.000010 0.022446 0.000926 0.976608 0.000010
0.009066 0.106160 0.001805 0.847341 0.035628
0.008493 0.056156 0.001171 0.913831 0.020349
0.002282 0.045301 0.000423 0.951984 0.000010
0.000010 0.032563 0.000010 0.967407 0.000010
0.000010 0.029977 0.000010 0.969993 0.000010
0.013601 0.097259 0.000010 0.879218 0.009912
0.085420 0.228050 0.001611 0.635395 0.049522
0.012082 0.060054 0.006077 0.921777 0.000010
0.000010 0.037149 0.000010 0.962821 0.000010
0.022885 0.187486 0.000010 0.754646 0.034973
0.000010 0.054618 0.000010 0.945153 0.000209
0.000010 0.024771 0.002555 0.972654 0.000010
0.033993 0.130830 0.000010 0.793916 0.041251
0.000010 0.018479 0.000856 0.980645 0.000010
0.047152 0.392506 0.000010 0.401163 0.159170
0.000010 0.102433 0.000010 0.864168 0.033379
0.002117 0.266030 0.000010 0.608898 0.122945
0.000010 0.068812 0.000544 0.874356 0.056278
0.000010 0.079726 0.000010 0.915984 0.004270
0.000010 0.074065 0.000010 0.911487 0.014428
0.000010 0.091184 0.000010 0.875530 0.033265
0.032876 0.270433 0.000010 0.587437 0.109244
0.015678 0.496449 0.005983 0.234200 0.247690
0.024617 0.477840 0.012239 0.223138 0.262167
0.047794 0.503649 0.005820 0.207494 0.235242
0.091138 0.508285 0.004735 0.184483 0.211359
0.068502 0.539879 0.000010 0.183560 0.208048
0.066907 0.576418 0.002640 0.116838 0.237197
0.084031 0.562315 0.002822 0.130667 0.220165
0.023034 0.767410 0.001756 0.000010 0.207790
0.190085 0.729323 0.004550 0.000010 0.076032
0.148963 0.745654 0.000010 0.000010 0.105363
0.164764 0.707757 0.005494 0.000010 0.121974
0.143870 0.739994 0.004554 0.000010 0.111572
0.311709 0.650879 0.001255 0.000010 0.036147
0.300571 0.659338 0.002642 0.000010 0.037440
0.247208 0.658361 0.005723 0.000010 0.088698
0.301774 0.666649 0.003697 0.000010 0.027870
0.299052 0.649305 0.003764 0.000010 0.047869
0.286327 0.641602 0.006244 0.000010 0.065818
0.696769 0.273388 0.000010 0.000010 0.029823
0.588780 0.393866 0.001232 0.014114 0.002007
0.644038 0.341078 0.002169 0.000010 0.012705
0.571310 0.373645 0.001221 0.027209 0.026615
0.605171 0.360197 0.000498 0.033571 0.000563
0.562576 0.407141 0.000861 0.006475 0.022947
0.575008 0.377887 0.000010 0.026412 0.020684
0.625400 0.344669 0.000010 0.029911 0.000010
0.613120 0.343484 0.002479 0.023405 0.017512
0.631523 0.345830 0.000590 0.004337 0.017720
0.610365 0.357296 0.002223 0.024634 0.005481
0.624856 0.349584 0.000674 0.001719 0.023167
0.674327 0.309527 0.000010 0.000010 0.016127
0.728957 0.190389 0.000010 0.060053 0.020591
0.744073 0.138339 0.000516 0.091593 0.025478
0.776142 0.154399 0.000010 0.066612 0.002837
0.822330 0.112257 0.000010 0.037759 0.027644
0.818380 0.127729 0.000010 0.031618 0.022263
0.818848 0.083630 0.008471 0.045220 0.043830
0.857378 0.112922 0.000010 0.022281 0.007409
0.862533 0.063912 0.005888 0.039381 0.028286
0.903619 0.063324 0.000010 0.007719 0.025327
0.921704 0.014804 0.000010 0.043543 0.019939
0.919492 0.021984 0.000010 0.040573 0.017941
0.924646 0.021230 0.000010 0.032755 0.021359
0.946700 0.050836 0.000010 0.000010 0.002444
0.999960 0.000010 0.000010 0.000010 0.000010
0.987072 0.012898 0.000010 0.000010 0.000010
0.991821 0.003241 0.000015 0.000010 0.004913
0.999960 0.000010 0.000010 0.000010 0.000010
0.999960 0.000010 0.000010 0.000010 0.000010
0.969350 0.000010 0.000010 0.000010 0.030620
0.860067 0.000010 0.000010 0.122002 0.017911
0.858699 0.000010 0.000010 0.116361 0.024920
0.748985 0.022980 0.000010 0.179128 0.048897
0.850504 0.004336 0.009196 0.126507 0.009457
0.809670 0.000010 0.000010 0.158153 0.032157
0.502333 0.000010 0.459420 0.038227 0.000010
0.867320 0.000010 0.005616 0.121713 0.005342
0.771292 0.028723 0.000010 0.146211 0.053764
0.886032 0.007739 0.000202 0.084937 0.021089
0.888790 0.000010 0.000010 0.099822 0.011369
0.891464 0.000010 0.000010 0.102396 0.006120
0.650393 0.000010 0.225536 0.124051 0.000010
0.841977 0.000010 0.003952 0.144366 0.009695
0.474495 0.470991 0.000010 0.054494 0.000010
0.800707 0.000010 0.000010 0.199263 0.000010
0.810009 0.000010 0.000010 0.189961 0.000010
0.739352 0.000010 0.000493 0.248016 0.012129
0.473147 0.000010 0.493526 0.033306 0.000010
0.525527 0.000010 0.474443 0.000010 0.000010
0.833582 0.023597 0.003111 0.109677 0.030032
0.857428 0.008703 0.000010 0.101904 0.031955
0.758909 0.005257 0.092843 0.110731 0.032260
0.824166 0.002921 0.011401 0.139219 0.022293
0.788628 0.001523 0.000010 0.165796 0.044043
0.794411 0.000010 0.004375 0.161263 0.039941
0.812786 0.000010 0.003349 0.142299 0.041556
0.000010 0.000010 0.999960 0.000010 0.000010
0.469061 0.000010 0.441723 0.076312 0.012894
0.500151 0.000010 0.499819 0.000010 0.000010
0.506809 0.000010 0.493161 0.000010 0.000010
0.606115 0.000010 0.000010 0.393855 0.000010
0.570860 0.000010 0.000010 0.429110 0.000010
0.570325 0.000010 0.000010 0.429645 0.000010
0.705831 0.000010 0.008932 0.282020 0.003206
0.716723 0.000010 0.118822 0.162569 0.001876
0.549139 0.000010 0.317458 0.133383 0.000010
0.385533 0.000010 0.552553 0.061894 0.000010
0.756634 0.000010 0.060791 0.182555 0.000010
0.583667 0.000010 0.261914 0.154400 0.000010
0.782942 0.000010 0.002155 0.210782 0.004111
0.761158 0.000010 0.056062 0.181711 0.001059
0.776936 0.000010 0.027388 0.188505 0.007161
0.779256 0.000010 0.000010 0.220714 0.000010
0.802122 0.000010 0.009365 0.188494 0.000010
0.812234 0.000010 0.007681 0.180065 0.000010
0.807269 0.000010 0.010114 0.182597 0.000010
0.000010 0.000010 0.000010 0.999960 0.000010
0.000600 0.000010 0.006359 0.993021 0.000010
0.000010 0.000010 0.000010 0.999960 0.000010
0.000010 0.000010 0.497097 0.502873 0.000010
0.000010 0.000010 0.498308 0.501662 0.000010
0.000010 0.000010 0.496585 0.503385 0.000010
0.003875 0.052155 0.000010 0.442725 0.501235
0.003065 0.026754 0.000010 0.464389 0.505782
0.000010 0.009638 0.000010 0.485578 0.504764
0.006252 0.057923 0.000010 0.400270 0.535545
0.002325 0.108538 0.002780 0.272184 0.614173
0.000010 0.142658 0.000010 0.205224 0.652098
0.017191 0.116229 0.000010 0.167879 0.698691
0.007429 0.108682 0.000952 0.215860 0.667078
0.011527 0.032278 0.000010 0.387271 0.568914
0.000010 0.046939 0.000010 0.342564 0.610477
0.000010 0.035670 0.000010 0.561365 0.402945
0.000010 0.000010 0.000010 0.385549 0.614421
0.004146 0.037175 0.000010 0.489079 0.469590
0.000010 0.000010 0.000010 0.421341 0.578629
0.005250 0.000442 0.000010 0.491808 0.502490
0.006988 0.000010 0.004142 0.429711 0.559149
0.000010 0.000010 0.000010 0.316172 0.683798
0.013755 0.000010 0.000010 0.260342 0.725883
0.000018 0.000010 0.000010 0.281338 0.718624
0.000010 0.000010 0.000010 0.370663 0.629307
0.000010 0.006601 0.000010 0.549328 0.444051
0.025631 0.103545 0.002779 0.217157 0.650888
0.014514 0.014983 0.003952 0.465478 0.501073
0.000622 0.024107 0.000010 0.546935 0.428326
0.008786 0.011234 0.000010 0.476572 0.503398
0.000010 0.000010 0.000010 0.519052 0.480918
0.000010 0.044836 0.000010 0.514677 0.440467
0.000010 0.007904 0.000010 0.600187 0.391890
0.000010 0.016985 0.000433 0.560291 0.422281
0.000163 0.012943 0.000388 0.614226 0.372280
0.000010 0.000010 0.000010 0.955052 0.044918
0.000010 0.000010 0.000010 0.876987 0.122983
0.000010 0.000010 0.000010 0.987137 0.012833
0.000010 0.000010 0.000010 0.974446 0.025524
0.000010 0.000010 0.000010 0.868240 0.131730
0.000010 0.000010 0.000010 0.571576 0.428394
0.000010 0.000010 0.000010 0.577376 0.422594
0.000014 0.000010 0.000010 0.511447 0.488520
0.000010 0.000010 0.000010 0.563538 0.436432
0.000010 0.000010 0.000010 0.458016 0.541954
0.000010 0.000010 0.000010 0.291208 0.708762
0.000010 0.000010 0.000010 0.227296 0.772674
0.000010 0.000010 0.000010 0.163333 0.836637
0.000010 0.000010 0.000010 0.175329 0.824641
0.000010 0.000010 0.000010 0.175688 0.824282
0.000010 0.000010 0.000010 0.188812 0.811158
0.000010 0.000010 0.000010 0.253660 0.746310
0.004094 0.044727 0.003265 0.420267 0.527646
0.001956 0.020945 0.000010 0.508017 0.469072
0.000010 0.017572 0.000010 0.459161 0.523247
0.016293 0.000010 0.000010 0.474254 0.509433
0.001566 0.036972 0.000010 0.421272 0.540180
0.006809 0.007297 0.004799 0.482088 0.499007
0.009306 0.000010 0.000010 0.423133 0.567541
0.003366 0.032692 0.000423 0.421194 0.542325
0.009989 0.017823 0.000213 0.463177 0.508798
0.000010 0.000010 0.000010 0.976378 0.023592
0.007321 0.000010 0.009005 0.497385 0.486278
0.000010 0.027682 0.000641 0.556615 0.415053
0.000010 0.000010 0.000010 0.947404 0.052566
0.000010 0.000010 0.000153 0.897471 0.102356
0.000010 0.000010 0.000010 0.999960 0.000010
0.000010 0.000010 0.000010 0.999960 0.000010
0.002051 0.001378 0.000010 0.996551 0.000010
0.000010 0.000010 0.000010 0.997693 0.002277
0.000010 0.000010 0.000010 0.999960 0.000010
0.000010 0.000010 0.000010 0.999960 0.000010
0.000010 0.000010 0.000010 0.999960 0.000010
0.000010 0.000010 0.000010 0.999960 0.000010
0.000010 0.000010 0.000010 0.999960 0.000010
0.000010 0.000012 0.000010 0.999958 0.000010
0.000010 0.000010 0.000010 0.999960 0.000010
0.000010 0.000010 0.000010 0.999960 0.000010
0.000010 0.000010 0.000010 0.975086 0.024884
0.000010 0.000010 0.000010 0.999960 0.000010
0.000010 0.000010 0.000010 0.999960 0.000010
0.000010 0.000010 0.000010 0.999960 0.000010
0.000010 0.000010 0.000010 0.999960 0.000010
0.000010 0.000010 0.000010 0.999960 0.000010
0.000010 0.000010 0.000010 0.999960 0.000010
0.000010 0.030414 0.000010 0.963229 0.006338
0.000010 0.028650 0.000010 0.962660 0.008670
0.000010 0.037795 0.000135 0.962050 0.000010
0.000010 0.046760 0.001591 0.951629 0.000010
0.016555 0.337045 0.002623 0.496915 0.146863
0.000010 0.094717 0.000010 0.901442 0.003821
0.000010 0.091834 0.000010 0.901878 0.006267
0.000010 0.145903 0.000010 0.806272 0.047804
0.000010 0.067695 0.002815 0.907492 0.021989
0.022348 0.446020 0.000010 0.384334 0.147288
0.004498 0.052802 0.000010 0.915262 0.027428
0.000010 0.204349 0.000010 0.758284 0.037348
0.000010 0.385883 0.000010 0.482307 0.131790
0.000010 0.000014 0.999956 0.000010 0.000010
0.000010 0.094709 0.000010 0.872834 0.032438
0.000010 0.056829 0.000010 0.919158 0.023993
0.001567 0.007991 0.000010 0.981772 0.008661
0.000010 0.000010 0.000010 0.999960 0.000010
0.000010 0.015785 0.000010 0.984185 0.000010
0.000010 0.000010 0.000010 0.999960 0.000010
0.004307 0.008408 0.000010 0.987265 0.000010
0.008744 0.002865 0.004223 0.976982 0.007187
0.000010 0.025901 0.000010 0.969445 0.004635
0.000010 0.024537 0.000010 0.970575 0.004868
0.004931 0.017572 0.003812 0.963366 0.010319
0.000010 0.018372 0.000010 0.981598 0.000010
0.005206 0.016429 0.000911 0.977444 0.000010
0.000010 0.018822 0.000010 0.981148 0.000010
0.000010 0.033090 0.005171 0.961719 0.000010
0.002107 0.009113 0.002301 0.981603 0.004876
0.004491 0.006857 0.000010 0.988632 0.000010
0.000010 0.016798 0.000062 0.983120 0.000010
0.000010 0.014670 0.000010 0.985300 0.000010
0.000010 0.000010 0.000010 0.999960 0.000010
0.004067 0.003756 0.001505 0.990662 0.000010
0.003023 0.000010 0.000010 0.996947 0.000010
0.001361 0.013485 0.000712 0.984432 0.000010
0.000010 0.002875 0.001336 0.972506 0.023273
0.000010 0.090938 0.003391 0.882591 0.023071
0.000010 0.095490 0.003069 0.845601 0.055830
0.245415 0.237704 0.000010 0.358249 0.158623
0.004420 0.083352 0.002687 0.876967 0.032574
0.000010 0.210160 0.000266 0.708987 0.080578
0.000010 0.091929 0.000670 0.884220 0.023170
0.000010 0.061693 0.000010 0.894276 0.044012
0.000010 0.077595 0.000010 0.885112 0.037273
0.000010 0.000010 0.000010 0.999960 0.000010
0.000010 0.000010 0.000010 0.999960 0.000010
0.000010 0.000010 0.459802 0.540168 0.000010
0.000010 0.000010 0.000010 0.999960 0.000010
0.000010 0.000011 0.000010 0.999959 0.000010
0.003212 0.000432 0.005852 0.990494 0.000010
0.000010 0.000010 0.000010 0.999960 0.000010
0.000010 0.000010 0.425265 0.574705 0.000010
0.000010 0.000010 0.000010 0.999960 0.000010
0.000011 0.000010 0.000010 0.999959 0.000010
0.000010 0.000010 0.000010 0.999960 0.000010
0.000010 0.000010 0.000010 0.999960 0.000010
0.000010 0.000010 0.000010 0.999960 0.000010
0.000010 0.000010 0.423246 0.576724 0.000010
0.000010 0.000010 0.394984 0.604986 0.000010
0.000013 0.000015 0.999952 0.000010 0.000010
0.444851 0.109824 0.000010 0.443127 0.002187
0.105117 0.027018 0.000852 0.867003 0.000010
0.000010 0.000010 0.000010 0.999960 0.000010
0.000010 0.000010 0.000010 0.999960 0.000010
0.013522 0.015287 0.000738 0.959675 0.010777
0.000010 0.000010 0.000010 0.999960 0.000010
0.000010 0.000010 0.000010 0.999960 0.000010
0.000010 0.000010 0.000010 0.999960 0.000010
0.000010 0.006809 0.000010 0.993161 0.000010
0.000010 0.000010 0.000010 0.999960 0.000010
